N <- 100
S <- 10
y <- 
structure(c(0.5, 2.41998227929858, 3.80269211953717, 4.99587289720738, 6.13690670605941, 7.24588121164444,
8.33093836456913, 9.39686503729871, 10.4464616416621, 11.4821874120991, 12.5054527560366, 13.5176543880412,
14.5199043134476, 15.5129016997141, 16.4975245911798, 17.4743084440073, 18.443844174846, 19.4065279750068,
20.3628013282461, 21.3130394190419, 22.257619451668, 23.1966467342032, 24.1305961413794, 25.0596423488538,
25.9838587037835, 26.9033936680269, 27.8188845137525, 28.7301356905086, 29.6374170145981, 30.540875206901,
31.4404074082297, 32.3364602797531, 33.2289746116182, 34.1182383428513, 35.004035758833, 35.8867827626085,
36.7662432846645, 37.6356099670196, 37.8655682119004, 37.0793190644071, 34.3482894370629, 14.4039737420131,
5.96113017147824, 4.87651866134046, 4.29446250660924, 3.91414030729692, 3.6487873385717, 3.44716839390082,
3.28744934162281, 3.15939700710213, 3.05551882111404, 2.96710997735567, 2.89047408365107, 2.82371425932741,
2.76556016011826, 2.71311826761854, 2.66539529204824, 2.62164228045629, 2.5821942714086, 2.54775254231492,
2.51682830117305, 2.48882425478729, 2.46540377684352, 2.44524313368022, 2.42698885810145, 2.41070436470816,
2.39651310518452, 2.38440601196697, 2.37423564864527, 2.36564745842759, 2.35819341015074, 2.35180554789635,
2.34644378026814, 2.34208736398126, 2.338568130933, 2.3357267360003, 2.33335286883887, 2.3313906849717,
2.32980301507266, 2.32861773350349, 2.32775617488187, 2.32719969551783, 2.32687563651056, 2.32676231135716,
2.32675173497897, 2.32675175673307, 2.32675175673289, 2.32675175673289, 2.32675175673289, 2.32675175673289,
2.32675175673289, 2.32675175673289, 2.32675175673289, 2.32675175673289, 2.32675175673289, 2.32675175673289,
2.32675175673289, 2.32675175673289, 2.32675175673289, 2.32675175673289, 0.5, 0.5, 0.540610211127221,
0.705570034408804, 0.907822401819632, 1.13026154896892, 1.3673823331385, 1.61628928606859, 1.8752188891638,
2.14286622238641, 2.41835638853727, 2.70080459547597, 2.98970193051987, 3.28450299788159, 3.58479556721225,
3.89016633165222, 4.20030913085364, 4.5149593347877, 4.83388496277713, 5.15682738447057, 5.4836159104188,
5.81404319110747, 6.14789921722691, 6.4851539809027, 6.82556008300011, 7.16912847048658, 7.51560654751315,
7.86478895034685, 8.21684743211493, 8.57154438901076, 8.9287821859923, 9.28851475400085, 9.65070937898877,
10.0151496838801, 10.3818630742159, 10.7507867444645, 11.1219185989843, 11.4950649496578, 11.8739366195204,
12.258260007301, 12.6470631389641, 13.0411766104392, 13.4459696436345, 13.8586078025325, 14.2776232755069,
14.7128695950145, 15.161226512318, 15.6195146030634, 16.0863987973254, 16.5689335695293, 17.0798436637041,
17.6063165687275, 18.1457665963763, 18.7095940104012, 19.3225538471274, 19.9603620700952, 20.6167431078343,
21.2887327261612, 21.9927631524045, 22.7915861366907, 23.6498840921832, 24.5280636523632, 25.4628851639392,
26.47396518062, 27.571302007448, 28.7406672160139, 29.9508640401328, 31.2043869039963, 32.5006054546212,
33.8491346692426, 35.2766898606114, 36.8184167444779, 38.5048573862347, 40.3001456775061, 42.153393905203,
44.0737019594279, 46.079018351181, 48.1555486115233, 50.2630459921776, 52.4834529995257, 54.9529707953265,
57.8646379580431, 61.2733306759664, 65.4097583867235, 71.6121588925776, 75.6258983268031, 78.9565301838284,
81.9117269719012, 84.609202925033, 87.1125143080674, 89.4633006671067, 91.6925202087614, 93.8270875672773,
95.8915242287145, 97.9102075654446, 99.9109299000896, 101.910930827631, 103.910930711107, 105.910930733978,
107.910930737774, 0.5, 1.07447925842379, 1.78549597471667, 2.37392256358795, 2.9339973848323, 3.47848183757441,
4.01193827704609, 4.53697123751068, 5.05511119848334, 5.56732805917487, 6.07452190830345, 6.57732312688178,
7.07616101422921, 7.57139760404603, 8.06348112664899, 8.55248458761038, 9.03887154534876, 9.522705740305,
10.0042419247833, 10.4835289676154, 10.9607992109286, 11.4360395620887, 11.9095282424785, 12.3813648474344,
12.8514938050044, 13.3201024723142, 13.787300431681, 14.2529865801003, 14.7172602108478, 15.1802857105105,
15.6421035165256, 16.1026599471768, 16.5622992338336, 17.0206123586767, 17.4778094120889, 17.9341374349189,
18.3895102293731, 18.8460992430764, 19.5061610964357, 20.5149956985138, 22.2744327733878, 30.7853931049249,
35.853197750821, 35.5602085309875, 33.4540052269813, 22.6948637019869, 7.05566089686784, 5.86626598081866,
5.20278201184117, 4.76540903957699, 4.46227693822242, 4.23226825589314, 4.04703277603197, 3.89646091489069,
3.77336466874329, 3.6672719235275, 3.57381140101167, 3.49026188090658, 3.41651356646085, 3.35351978264583,
3.29748191855257, 3.24728368237441, 3.2053164448279, 3.16970689707281, 3.1377015488625, 3.10919512614336,
3.08423362801263, 3.06285040433136, 3.04485430884104, 3.02976255128971, 3.01665011424651, 3.00532693442153,
2.99572794465807, 2.9877557728432, 2.9812722414644, 2.97608305336571, 2.97171876495459, 2.96806571900824,
2.96504272656175, 2.96264799534838, 2.96084329160505, 2.95956015333315, 2.95872489797195, 2.95831894266597,
2.95814315298598, 2.95814499552905, 2.95814463476594, 2.95814463477939, 2.95814463477939, 2.95814463477939,
2.95814463477939, 2.95814463477939, 2.95814463477939, 2.95814463477939, 2.95814463477939, 2.95814463477939,
2.95814463477939, 2.95814463477939, 2.95814463477939, 2.95814463477939, 0.5, 0.767559082807506, 1.29458749021188,
1.73379704850482, 2.15326853553426, 2.56199148744839, 2.96309461714721, 3.35817369237002, 3.7483233816984,
4.13427990088963, 4.51649078596692, 4.89551292516919, 5.27152520390991, 5.64498268002272, 6.01593889903821,
6.38466840098831, 6.7512928269054, 7.11607639822767, 7.47899378357998, 7.84031177512111, 8.19992441913063,
8.55812404809152, 8.91480105432615, 9.27019977900774, 9.62434044356992, 9.97725653669202, 10.3289634405299,
10.6795907554986, 11.0292114032864, 11.3776269449831, 11.7251028843804, 12.0717093776646, 12.417340151625,
12.7622180457702, 13.1061257167571, 13.4491488728452, 13.7913890796678, 14.1341258814253, 14.5712251078706,
15.1695031349278, 16.0860979408289, 17.8713588882811, 19.7257781681292, 21.0723977682556, 22.9699268380474,
28.8964836203293, 36.644115110805, 36.199731328643, 33.6240281420178, 9.92253451424763, 7.38865495147268,
6.45349526145832, 5.87959478334882, 5.47266964364635, 5.17837470633881, 4.94692931095245, 4.75473661082802,
4.59197747648148, 4.45421739215837, 4.34070896680006, 4.24204999569528, 4.15504522425001, 4.08286018786793,
4.02242036120739, 3.96902926333765, 3.92160069802381, 3.88009160619442, 3.84443699579001, 3.81440621633896,
3.78928950547558, 3.76774219536166, 3.74891590384858, 3.73281020889852, 3.71932298156159, 3.70824144287512,
3.69929485936841, 3.69192280561485, 3.685629649243, 3.68035624787123, 3.67606189688155, 3.67266829939601,
3.67011767785942, 3.66833659770993, 3.66726507636863, 3.66672698302486, 3.66653270889758, 3.66655176426055,
3.66655174140281, 3.66655174140075, 3.66655174140075, 3.66655174140075, 3.66655174140075, 3.66655174140075,
3.66655174140075, 3.66655174140075, 3.66655174140075, 3.66655174140075, 3.66655174140075, 3.66655174140075,
3.66655174140075, 0.5, 0.601296422420204, 0.998154990608509, 1.3465372221392, 1.68431342068506, 2.01639023413661,
2.344320970512, 2.66884878423587, 2.99051061467863, 3.30964012939954, 3.62654764985272, 3.94134470986415,
4.25432558539476, 4.56561893274187, 4.87525135820627, 5.1834573770654, 5.49032135774299, 5.79581829749586,
6.10006461773146, 6.40321710275024, 6.70520275723687, 7.0061977974711, 7.30620313588942, 7.60513398345489,
7.90323690867851, 8.20051395407725, 8.49682038687696, 8.79241694722953, 9.08717736404573, 9.38117161074089,
9.67454429982329, 9.96716565485776, 10.2590426726269, 10.5502414511453, 10.8409086139376, 11.1309909539483,
11.4202749787597, 11.7097397254852, 12.0502223265425, 12.4745551578363, 13.0246927390289, 13.6534272765258,
14.3649959547399, 15.138916832771, 16.0946386347939, 17.6091028735909, 19.3708044181344, 20.8820715566006,
