N <- 10
S <- 10
y <- 
structure(c(11.4821874120991, 21.3130394190419, 30.540875206901, 37.0793190644071, 3.15939700710213, 2.54775254231492,
2.36564745842759, 2.32861773350349, 2.32675175673289, 2.32675175673289, 2.14286622238641, 5.15682738447057,
8.57154438901076, 12.258260007301, 16.5689335695293, 22.7915861366907, 33.8491346692426, 52.4834529995257,
87.1125143080674, 107.910930737774, 5.56732805917487, 10.4835289676154, 15.1802857105105, 20.5149956985138,
4.76540903957699, 3.35351978264583, 3.02976255128971, 2.96264799534838, 2.95814463477939, 2.95814463477939,
4.13427990088963, 7.84031177512111, 11.3776269449831, 15.1695031349278, 9.92253451424763, 4.34070896680006,
3.78928950547558, 3.67606189688155, 3.66655174140075, 3.66655174140075, 3.30964012939954, 6.40321710275024,
9.38117161074089, 12.4745551578363, 33.8058695077737, 6.28070358014061, 5.09385538814925, 4.87014675044759,
4.84624667993177, 4.84624667993177, 2.91837894337155, 5.78079534894572, 8.57480260297282, 11.4442852864746,
19.1870517117188, 9.78730441525051, 6.72734782661343, 6.30437959077352, 6.25083692640495, 6.25083692638494,
2.62036135784889, 5.37292260583593, 8.12372386941268, 10.937810531956, 15.7571413355433, 36.7572168700331,
10.001154920204, 8.93708656264403, 8.78360520180862, 8.78360611288378, 2.45355903688574, 5.19855086288746,
8.00909807135947, 10.8959951575715, 14.9658173006648, 24.5216055844038, 15.9458771934792, 12.5557395262528,
12.1376348933523, 12.1367949078706, 2.31170610828293, 5.11225628011558, 8.07658225188827, 11.1609938275655,
15.0233660883261, 21.7138459765667, 42.5478513629149, 21.248873430047, 19.3282167034358, 19.2831783740863,
2.22441340872519, 5.108349307978, 8.25409052346203, 11.5778471903971, 15.5532860338044, 21.6898200502456,
33.9516168484083, 54.845669658968, 32.5894971240236, 31.8369581128818),
.Dim = c(10, 10))
T <- 100
ts <- 
c(1, 2, 3, 4, 5, 6, 7, 8, 9, 10, 11, 12, 13, 14, 15, 16, 17, 18, 19, 20, 21, 22, 23, 24, 25, 26, 27, 28, 29,
30, 31, 32, 33, 34, 35, 36, 37, 38, 39, 40, 41, 42, 43, 44, 45, 46, 47, 48, 49, 50, 51, 52, 53, 54, 55, 56, 57, 58,
59, 60, 61, 62, 63, 64, 65, 66, 67, 68, 69, 70, 71, 72, 73, 74, 75, 76, 77, 78, 79, 80, 81, 82, 83, 84, 85, 86, 87,
88, 89, 90, 91, 92, 93, 94, 95, 96, 97, 98, 99, 100)
J <- 2
R <- 
structure(c(60, 60, 60, 60, 60, 60, 60, 60, 60, 60, 10, 20, 30, 40, 50, 60, 70, 80, 90, 100),
.Dim = c(10, 2))
mu_true <- 
c(0.5, 0.56, 0.61, 0.67, 0.72, 0.78, 0.83, 0.89, 0.94, 1)
