y <- 
c(1, 0, 0, 1, 1, 0, 1, 1, 0, 0, 1, 0)
x <- 
c(-0.296783011276856, -0.522300233806887, -0.407919705265724, -0.513794653378113, 0.203311627070238,
0.408344022973251, 1.79336109327686, -0.997125126160155, 0.925875016011424, 0.676648150087598, 0.855564415337461,
-0.297748864839823)
